Name,Radius,(centimeters),Height,(centimeters),Cost,per,Can,(U.S.,dollars)
#5,13.02,14.29,0.83,7610.34,2234.15,3.41,9169.08
#8Z,short,6.83,7.62,0.26,1116.73,620.11,1.8,4295.12
#10,15.72,17.78,1.53,13803.42,3308.85,4.17,9021.84
#2.5,10.32,11.91,0.61,3984.93,1441.45,2.76,6532.67
#2,8.73,11.59,0.45,2774.99,1114.6,2.49,6166.64
#303,8.1,11.11,0.42,2289.99,977.67,2.34,5452.36
#300,7.62,11.27,0.38,2055.81,904.41,2.27,5410.03
#1,Picnic,6.83,10.16,0.28,1488.97,729.11,2.04,5317.75
#1,Tall,7.78,11.91,0.43,2264.75,962.51,2.35,5266.86
#6Z,5.4,8.89,0.22,814.4,484.85,1.68,3701.82
#3,Cylinder,10.79,17.78,0.86,6503.16,1936.92,3.36,7561.81
#211,6.83,12.38,0.34,1814.31,824.38,2.2,5336.21